100
1	0.0	0.0	0.0	0.0	0.0	17.9	0.0	0.0	0.0	0.0	0.0	0.0	0.0	0.0	64.7	8.5	0.0	0.0	0.0	0.0	18.8	30.0	0.0	7.5	0.0	0.0	0.0	0.0	0.0	0.0	0.0	0.0	0.0	0.0	0.0	8.2	71.7	0.0	0.0	0.0	15.5	0.0	37.1	70.8	0.0	0.0	26.3	0.0	0.0	0.0	0.0	0.0	0.0	95.4	0.0	13.3	5.0	0.0	17.9	0.0	0.0	0.0	0.0	0.0	0.0	0.0	0.0	31.2	24.5	0.0	0.0	0.0	0.0	0.0	0.0	0.0	0.0	20.2	0.0	0.0	17.9	0.0	0.0	0.0	0.0	0.0	0.0	16.9	0.0	0.0	0.0	13.5	0.6	0.0	0.0	0.0	0.0	0.0	0.0	0.0
2	0.0	0.0	0.0	54.6	0.0	2.2	0.0	1.4	0.0	0.0	0.0	0.0	0.0	0.0	0.0	0.0	0.0	0.0	0.0	0.0	85.2	0.0	0.0	1.4	0.0	0.0	0.0	0.0	0.0	0.0	0.0	0.0	0.0	0.0	20.7	0.0	0.0	0.0	0.0	0.0	0.0	0.0	0.0	0.0	0.0	0.0	0.0	0.0	10.1	0.0	0.0	0.0	0.0	0.0	0.0	0.0	0.0	0.0	0.0	0.0	0.0	40.8	0.0	0.0	0.0	0.0	29.4	0.0	13.7	0.0	0.0	0.0	0.0	0.0	13.4	0.0	0.0	0.0	0.0	0.0	0.0	0.0	0.0	46.5	19.3	0.0	8.2	0.0	0.0	0.0	0.0	0.0	0.0	0.0	0.0	0.0	37.7	0.0	0.0	0.0
3	0.0	0.0	0.0	0.0	0.0	0.0	0.0	0.0	0.0	0.0	0.0	32.5	0.0	0.0	0.0	0.0	51.7	0.0	0.0	0.0	0.0	0.0	0.0	0.0	5.7	0.0	0.0	0.0	0.6	2.2	0.0	0.0	0.0	0.0	0.0	0.0	0.0	0.0	0.0	0.0	0.0	66.6	0.0	0.0	0.0	0.0	0.0	0.0	0.0	0.0	0.0	0.0	0.0	0.0	0.0	0.0	9.5	46.2	11.3	11.1	21.7	0.0	0.0	0.0	0.0	0.0	0.0	0.0	0.0	0.0	0.0	0.0	0.0	0.0	0.0	0.0	0.0	0.0	0.0	0.0	0.0	0.0	2.2	0.0	0.0	0.0	0.0	0.0	60.0	0.0	0.0	0.0	0.0	0.0	0.0	0.0	0.0	0.0	0.0	0.0
4	0.0	54.6	0.0	0.0	0.0	0.0	0.0	0.0	0.0	0.0	0.0	0.0	14.2	9.3	0.0	0.0	0.0	0.0	0.0	0.0	0.0	0.0	0.0	0.0	0.0	0.0	0.0	0.0	0.0	39.8	0.0	46.4	0.0	20.4	0.0	0.0	0.0	0.0	2.1	0.0	9.4	0.0	0.0	0.0	20.1	0.0	0.0	0.0	5.6	0.0	4.8	0.0	0.0	0.0	0.0	0.0	0.0	0.0	0.0	0.0	3.5	0.0	0.0	0.0	0.0	0.0	0.0	0.0	0.0	0.0	18.6	0.0	0.0	0.0	0.0	0.0	27.6	0.0	0.0	15.2	0.0	0.0	0.0	0.0	5.7	0.0	0.0	12.9	4.6	0.0	0.0	0.0	0.0	0.0	0.0	0.0	0.0	0.0	0.0	0.0
5	0.0	0.0	0.0	0.0	0.0	0.0	14.2	0.0	6.0	0.0	0.0	0.0	14.6	44.1	0.0	0.0	85.0	0.0	0.0	8.9	0.0	0.0	9.0	0.0	0.0	0.0	0.0	0.0	0.0	0.0	0.0	0.0	0.0	55.5	0.0	8.8	0.0	0.0	0.0	0.0	0.0	0.0	0.0	0.0	0.0	0.0	0.0	0.0	0.0	0.0	0.0	0.0	0.0	12.5	11.3	7.5	0.0	0.0	0.0	0.0	0.0	0.0	0.0	0.0	0.0	0.0	0.0	0.0	0.0	0.0	0.0	0.0	0.0	0.0	0.0	33.8	0.0	0.0	0.0	0.0	0.0	20.2	0.0	14.1	18.7	0.0	0.0	0.0	0.0	0.0	2.8	0.0	0.0	27.8	0.0	0.0	0.0	14.9	22.4	0.0
6	17.9	2.2	0.0	0.0	0.0	0.0	0.0	0.0	0.0	0.0	0.0	0.0	0.0	0.0	0.0	0.0	14.7	0.0	0.0	55.6	0.0	0.0	0.0	0.0	0.0	0.0	0.0	0.0	0.0	0.0	0.0	0.0	0.0	0.0	0.0	0.0	0.0	0.0	0.0	0.0	1.6	0.0	0.0	0.0	0.0	0.0	0.0	10.6	0.0	0.0	0.0	8.6	0.0	0.0	68.7	0.0	0.0	0.1	0.0	33.9	6.9	0.0	0.0	7.1	0.0	10.4	9.7	6.3	0.0	0.0	70.5	0.0	0.0	0.0	5.1	0.0	0.0	0.0	0.0	0.0	0.0	0.0	0.0	0.0	0.0	0.0	0.0	0.0	0.0	0.7	0.0	0.0	0.0	0.0	0.0	0.0	0.0	0.0	0.0	0.0
7	0.0	0.0	0.0	0.0	14.2	0.0	0.0	12.9	0.0	0.0	27.6	0.0	0.0	55.3	0.0	0.0	0.0	8.7	0.0	0.0	0.0	0.0	0.0	0.0	0.0	0.0	0.0	0.0	0.0	0.0	0.0	0.0	0.0	0.0	0.0	0.0	0.0	0.0	0.0	0.0	0.0	0.0	0.0	0.0	0.0	0.0	0.0	0.0	47.3	0.0	12.2	62.4	0.0	0.0	5.2	0.0	0.0	0.0	0.0	0.0	0.0	1.6	0.0	0.0	0.0	0.0	0.0	41.2	0.7	0.0	0.0	0.0	0.0	0.0	0.0	0.0	0.0	0.0	0.0	56.1	0.0	25.1	0.0	0.0	73.3	0.0	0.0	0.0	0.0	0.0	0.0	0.0	0.0	0.0	26.6	0.0	0.0	0.0	0.0	35.0
8	0.0	1.4	0.0	0.0	0.0	0.0	12.9	0.0	0.0	60.8	0.0	0.0	0.0	22.1	0.0	5.0	0.0	10.7	0.0	0.0	0.0	0.0	0.0	0.0	0.0	0.0	0.0	0.0	0.0	0.0	0.0	0.0	0.0	0.0	62.2	0.0	0.0	0.0	0.0	0.0	0.0	0.0	0.0	0.0	0.0	0.0	0.0	13.2	7.9	0.0	0.0	0.0	0.0	0.0	0.0	0.0	0.0	33.2	0.4	0.0	0.0	7.4	0.0	0.0	0.0	0.0	10.4	1.9	0.0	0.0	27.0	37.8	0.0	0.0	0.0	0.0	0.0	0.0	0.0	7.0	53.4	0.0	0.0	15.6	0.0	0.0	48.1	0.0	0.0	0.0	0.0	43.0	0.0	17.6	0.0	0.0	0.0	0.0	0.0	0.0
9	0.0	0.0	0.0	0.0	6.0	0.0	0.0	0.0	0.0	0.0	0.0	1.8	0.0	0.0	72.2	0.0	0.0	0.0	0.0	24.9	0.0	0.0	0.0	0.0	0.0	23.2	0.0	0.0	0.0	0.0	0.0	0.0	5.5	0.0	0.0	0.0	0.0	0.0	0.0	1.7	0.0	0.0	0.0	0.0	0.0	0.0	46.9	0.0	7.2	0.0	0.0	0.0	0.0	0.0	0.0	0.0	86.0	0.0	0.0	0.0	0.0	0.0	0.0	0.0	0.0	0.0	41.1	0.0	0.0	27.0	0.0	0.0	0.0	0.0	0.6	0.0	0.0	0.0	0.0	0.0	0.0	0.0	0.0	0.0	22.1	0.0	0.0	17.4	0.0	0.0	8.0	0.0	0.0	0.0	0.0	0.0	0.0	0.0	0.0	19.8
10	0.0	0.0	0.0	0.0	0.0	0.0	0.0	60.8	0.0	0.0	0.0	0.0	0.0	0.0	0.0	0.0	11.2	0.0	0.0	10.0	0.0	19.6	0.0	8.9	0.0	0.0	0.0	11.0	0.0	0.0	0.0	0.0	0.0	2.6	0.0	0.0	0.0	0.0	0.0	13.8	7.3	0.0	0.0	0.0	1.0	0.0	0.0	0.0	0.0	0.0	18.3	0.0	0.0	0.0	0.0	0.0	0.0	0.0	6.3	0.0	27.3	0.0	0.0	0.0	0.0	0.0	0.0	0.0	3.1	0.0	0.0	0.0	0.0	0.0	0.0	0.0	0.0	0.0	0.0	42.1	0.0	46.5	62.5	0.0	0.0	0.0	0.0	0.0	0.0	0.0	0.0	0.0	0.0	0.0	33.2	0.0	0.0	0.0	42.7	0.0
11	0.0	0.0	0.0	0.0	0.0	0.0	27.6	0.0	0.0	0.0	0.0	0.0	0.0	0.0	0.0	0.0	0.0	0.0	0.0	0.0	0.0	0.0	0.0	0.0	0.0	0.0	0.0	0.0	0.0	0.0	0.0	0.0	0.0	60.7	0.0	0.0	0.0	0.0	15.6	0.0	0.0	0.0	0.0	0.0	0.0	0.0	0.0	40.0	0.0	10.9	0.0	0.0	0.0	0.0	0.0	0.0	0.0	0.0	0.0	93.7	0.0	0.0	2.4	36.6	0.0	0.0	0.0	0.0	0.0	0.0	0.0	22.3	0.0	0.0	0.0	0.0	0.0	0.0	0.0	0.0	0.0	0.0	0.0	0.0	0.0	0.0	6.2	0.0	0.0	0.0	0.0	0.0	0.0	0.0	0.0	73.4	0.0	34.1	0.0	0.0
12	0.0	0.0	32.5	0.0	0.0	0.0	0.0	0.0	1.8	0.0	0.0	0.0	0.0	0.0	0.0	0.0	0.0	0.0	6.1	0.0	0.0	0.0	0.0	0.0	8.1	0.0	0.0	14.4	0.0	0.0	13.9	0.0	0.0	81.0	0.0	31.7	0.0	0.0	22.9	0.0	0.0	0.0	0.0	0.0	0.0	0.0	0.0	0.0	0.0	0.0	11.5	0.0	0.0	27.2	0.0	0.0	0.0	0.0	10.6	89.4	0.0	0.0	0.0	0.0	0.0	0.0	0.0	0.0	0.0	0.0	3.2	0.0	0.0	0.0	0.0	0.0	0.0	5.7	0.0	0.0	0.0	0.0	0.0	0.0	0.0	0.0	34.4	6.2	0.0	0.0	0.0	0.0	0.0	0.0	36.7	0.0	17.2	0.0	0.0	0.0
13	0.0	0.0	0.0	14.2	14.6	0.0	0.0	0.0	0.0	0.0	0.0	0.0	0.0	73.6	0.0	0.0	0.0	0.0	0.0	0.0	0.0	0.0	63.1	0.0	0.0	0.0	0.0	0.0	0.0	0.0	0.0	0.0	0.0	0.0	38.6	0.0	0.3	21.0	0.0	0.0	0.0	15.7	0.0	5.6	32.4	0.0	0.0	0.0	13.1	0.0	6.4	0.0	0.0	50.5	45.3	0.0	0.0	0.0	0.0	0.0	0.0	1.3	0.0	0.0	0.0	12.7	4.3	0.0	0.0	0.0	0.0	0.0	0.0	0.0	0.0	0.0	0.0	33.9	0.0	0.0	0.0	58.1	0.1	0.0	0.0	0.0	0.0	16.0	0.0	0.0	0.0	0.0	0.0	0.0	0.0	0.0	0.0	7.7	0.0	0.0
14	0.0	0.0	0.0	9.3	44.1	0.0	55.3	22.1	0.0	0.0	0.0	0.0	73.6	0.0	0.0	0.0	0.0	0.0	7.3	19.7	0.0	23.3	0.0	2.9	21.2	1.2	0.0	0.0	0.0	16.3	0.0	7.2	2.1	0.0	0.0	18.0	0.0	0.0	0.0	0.0	0.0	0.0	0.0	0.0	0.0	0.0	0.0	14.5	0.0	0.0	0.0	0.0	0.0	0.0	0.0	0.0	0.0	0.0	33.1	0.0	0.0	0.0	0.0	31.8	0.0	0.0	0.0	0.0	19.8	0.0	0.0	0.0	0.0	0.0	0.0	0.0	29.4	35.3	0.0	0.0	0.0	0.0	0.0	0.0	10.8	0.0	14.8	0.0	0.0	0.0	0.0	0.0	0.0	0.0	0.0	0.0	16.0	0.0	0.0	0.0
15	64.7	0.0	0.0	0.0	0.0	0.0	0.0	0.0	72.2	0.0	0.0	0.0	0.0	0.0	0.0	0.0	0.0	0.0	0.0	2.0	76.1	0.0	0.0	10.7	0.0	0.0	0.0	0.0	0.0	0.0	26.0	0.0	59.1	0.0	0.0	0.0	44.9	0.0	0.0	0.0	0.0	0.0	0.0	0.0	0.0	27.7	0.0	0.0	0.0	0.0	0.0	0.0	0.0	0.0	0.0	0.0	0.0	77.5	0.0	0.0	25.8	0.0	0.0	0.0	0.0	0.0	0.0	84.0	7.0	0.0	0.0	0.0	6.6	0.0	0.0	0.0	0.0	0.0	0.0	0.0	0.0	0.0	36.3	0.0	0.0	0.0	0.0	43.1	0.0	0.0	0.0	13.1	0.0	0.0	0.0	0.0	78.3	0.0	0.0	0.0
16	8.5	0.0	0.0	0.0	0.0	0.0	0.0	5.0	0.0	0.0	0.0	0.0	0.0	0.0	0.0	0.0	0.0	0.0	0.0	0.0	0.0	0.0	0.0	0.0	0.0	0.0	0.0	12.6	13.7	1.6	0.0	0.0	0.0	0.0	0.0	0.0	0.0	0.0	0.0	0.0	0.0	0.0	0.0	0.0	0.0	0.0	0.0	0.0	0.0	0.0	0.0	0.0	0.0	7.1	0.0	0.7	4.3	0.0	0.0	0.0	60.9	0.0	0.0	0.0	0.0	0.0	0.0	0.0	0.0	0.0	0.0	0.0	0.0	0.0	0.0	0.0	0.0	0.0	0.0	0.0	0.0	0.0	0.0	41.3	0.0	0.0	0.0	0.0	0.0	0.0	0.0	0.0	0.0	0.0	0.0	0.0	0.0	0.0	0.0	0.0
17	0.0	0.0	51.7	0.0	85.0	14.7	0.0	0.0	0.0	11.2	0.0	0.0	0.0	0.0	0.0	0.0	0.0	0.0	0.0	0.0	0.0	0.0	5.6	0.0	0.0	0.0	0.0	0.0	0.0	0.0	0.0	0.0	0.0	0.0	0.0	0.0	18.0	0.0	0.0	0.0	4.5	7.4	0.0	0.0	42.9	0.0	0.0	0.0	36.2	0.0	0.0	0.0	0.0	0.0	0.0	0.0	6.1	0.0	0.0	0.0	0.0	0.0	0.0	0.0	48.4	0.0	0.0	0.0	0.9	0.0	0.0	0.0	0.0	0.0	0.0	0.0	0.0	0.0	0.0	2.3	0.0	0.0	48.8	0.0	0.0	0.0	0.0	45.0	0.0	0.0	0.0	3.2	0.0	2.9	0.0	0.0	0.0	0.0	0.0	0.0
18	0.0	0.0	0.0	0.0	0.0	0.0	8.7	10.7	0.0	0.0	0.0	0.0	0.0	0.0	0.0	0.0	0.0	0.0	0.0	0.0	80.3	0.0	0.0	0.0	0.0	0.0	0.0	0.0	0.0	0.0	0.0	0.0	0.0	29.5	0.0	39.0	0.0	13.3	0.0	0.0	0.0	0.0	0.9	0.0	30.1	0.0	0.0	0.0	0.0	0.0	0.0	0.0	7.2	0.0	0.0	30.2	0.0	0.0	0.0	0.0	0.0	0.0	0.0	0.0	48.4	0.0	0.0	0.0	11.1	0.0	0.0	0.0	0.0	0.0	0.0	53.0	0.0	7.4	0.0	3.8	30.4	16.7	0.0	0.0	0.0	0.0	0.0	0.0	31.1	0.0	0.0	23.7	0.6	0.0	4.9	0.0	32.8	0.0	0.0	0.0
19	0.0	0.0	0.0	0.0	0.0	0.0	0.0	0.0	0.0	0.0	0.0	6.1	0.0	7.3	0.0	0.0	0.0	0.0	0.0	0.0	1.5	0.0	0.0	0.0	11.2	3.5	0.0	33.5	0.0	21.1	0.0	0.0	0.0	0.0	0.0	0.0	0.0	0.0	0.0	0.0	0.0	53.1	0.0	2.7	0.0	0.0	0.0	0.0	0.0	0.0	0.0	0.0	46.5	0.0	0.0	0.0	0.0	0.0	60.7	0.0	21.3	0.0	0.0	1.3	0.0	0.0	0.0	0.0	1.7	0.0	64.3	0.0	0.0	0.0	0.0	46.3	0.0	0.0	0.0	0.0	0.0	0.0	0.0	10.1	15.7	0.0	0.0	0.0	60.2	0.0	0.0	18.9	0.0	0.0	0.0	0.0	17.9	0.0	0.0	0.0
20	0.0	0.0	0.0	0.0	8.9	55.6	0.0	0.0	24.9	10.0	0.0	0.0	0.0	19.7	2.0	0.0	0.0	0.0	0.0	0.0	0.0	0.0	0.0	2.9	0.0	78.9	0.0	0.0	0.0	0.0	2.1	0.0	60.5	0.0	42.3	0.0	0.0	0.0	0.0	0.0	0.2	10.6	0.0	0.0	0.0	0.0	0.0	0.0	0.0	0.0	0.0	0.0	0.0	0.0	0.0	0.0	0.0	0.0	0.0	0.0	0.0	0.0	0.0	0.0	0.0	21.5	0.0	0.0	0.0	0.0	0.0	0.0	0.0	0.0	0.0	0.0	29.7	0.0	0.0	0.0	0.0	0.0	0.0	0.0	0.0	0.0	0.0	0.0	0.0	0.0	0.0	40.7	14.1	0.0	0.0	0.0	0.0	0.0	0.0	0.0
21	18.8	85.2	0.0	0.0	0.0	0.0	0.0	0.0	0.0	0.0	0.0	0.0	0.0	0.0	76.1	0.0	0.0	80.3	1.5	0.0	0.0	0.0	0.0	0.0	0.0	0.0	11.2	0.0	0.0	13.1	0.0	0.0	0.0	2.8	0.0	0.0	1.0	56.5	0.0	0.0	0.0	0.1	40.7	0.0	0.0	0.0	25.8	14.9	0.0	0.0	0.0	51.6	0.0	14.3	0.0	2.0	0.0	0.0	17.8	0.0	16.0	0.0	0.0	0.0	42.5	12.9	0.0	0.0	0.0	0.0	0.0	0.0	0.0	0.0	0.0	11.2	0.0	25.5	0.0	0.0	36.5	0.0	0.0	0.0	0.0	0.0	0.0	0.0	0.0	0.0	40.5	0.0	0.0	0.0	0.0	0.0	0.0	0.0	0.0	0.0
22	30.0	0.0	0.0	0.0	0.0	0.0	0.0	0.0	0.0	19.6	0.0	0.0	0.0	23.3	0.0	0.0	0.0	0.0	0.0	0.0	0.0	0.0	0.0	0.0	0.0	0.0	0.0	0.0	0.0	0.0	0.0	17.7	0.0	29.5	27.3	0.0	0.0	0.0	0.0	0.0	52.1	0.0	0.0	0.0	0.0	0.0	0.0	0.0	0.0	0.0	0.0	0.0	0.0	66.1	0.0	0.0	0.0	73.2	8.5	0.0	43.2	0.0	0.0	0.0	0.0	0.0	0.0	0.0	0.0	0.0	0.0	0.0	0.0	0.0	12.6	0.0	0.9	0.0	0.0	0.0	0.0	77.5	0.0	20.2	0.0	0.0	0.0	21.8	0.0	0.0	0.0	0.0	13.8	24.1	0.0	0.9	1.5	0.0	0.0	0.0
23	0.0	0.0	0.0	0.0	9.0	0.0	0.0	0.0	0.0	0.0	0.0	0.0	63.1	0.0	0.0	0.0	5.6	0.0	0.0	0.0	0.0	0.0	0.0	0.0	0.0	0.0	49.8	0.0	77.4	0.0	0.4	0.0	0.0	0.0	9.8	2.7	0.0	0.0	0.0	34.6	0.0	0.0	0.0	21.2	0.0	0.0	31.7	0.0	0.0	3.2	0.0	11.2	0.0	0.0	0.0	0.0	0.0	0.0	0.0	0.0	10.1	0.0	55.8	0.0	0.0	0.0	0.0	0.0	0.0	0.0	0.0	0.0	0.0	0.0	52.9	17.0	0.0	0.0	0.0	0.0	0.0	0.0	0.0	0.0	0.0	0.0	0.0	0.0	0.0	0.0	65.2	0.0	0.0	0.0	0.0	0.0	0.0	53.8	0.0	0.0
24	7.5	1.4	0.0	0.0	0.0	0.0	0.0	0.0	0.0	8.9	0.0	0.0	0.0	2.9	10.7	0.0	0.0	0.0	0.0	2.9	0.0	0.0	0.0	0.0	0.0	0.0	0.0	0.0	0.0	14.0	0.0	0.0	0.0	33.5	0.0	0.0	0.0	0.0	0.0	0.0	0.0	13.7	0.0	0.0	0.0	0.0	24.6	0.0	0.0	0.0	0.0	0.0	0.3	0.0	15.1	0.0	0.0	0.0	28.5	0.0	0.0	10.6	0.0	56.4	9.1	0.0	0.0	36.0	15.2	0.0	0.0	0.0	0.0	0.0	0.0	0.0	0.0	0.0	44.9	17.5	0.0	0.0	0.0	0.0	0.0	0.0	0.0	0.0	0.0	0.0	0.0	0.0	0.0	0.0	6.2	0.0	0.0	0.0	0.0	25.8
25	0.0	0.0	5.7	0.0	0.0	0.0	0.0	0.0	0.0	0.0	0.0	8.1	0.0	21.2	0.0	0.0	0.0	0.0	11.2	0.0	0.0	0.0	0.0	0.0	0.0	0.0	0.0	0.0	0.0	27.9	0.0	0.0	0.0	0.0	0.0	0.0	0.0	0.0	0.0	0.0	0.0	0.0	0.0	0.0	0.0	0.0	0.0	0.0	0.0	0.0	0.0	0.0	0.0	0.0	24.2	32.2	0.0	0.0	0.0	0.0	0.0	0.0	0.0	0.0	0.0	0.0	0.0	1.7	0.0	0.0	27.7	32.3	36.4	24.8	0.0	0.0	0.0	0.0	0.0	0.0	0.0	2.8	0.0	0.0	0.0	0.0	0.0	0.0	0.0	0.0	0.0	30.1	21.2	0.0	0.0	0.0	1.2	0.0	22.2	23.2
26	0.0	0.0	0.0	0.0	0.0	0.0	0.0	0.0	23.2	0.0	0.0	0.0	0.0	1.2	0.0	0.0	0.0	0.0	3.5	78.9	0.0	0.0	0.0	0.0	0.0	0.0	4.1	0.0	0.0	0.0	0.0	0.0	0.0	0.0	0.0	0.0	0.0	0.0	0.0	0.0	16.4	0.0	0.0	0.0	0.0	0.0	0.0	0.0	0.0	0.0	0.0	0.0	0.0	0.0	0.0	0.0	0.0	0.0	0.0	0.0	0.0	0.4	0.0	0.0	0.0	0.0	0.0	80.7	0.0	0.0	0.0	0.0	0.0	0.0	0.0	0.0	0.0	44.4	0.0	0.0	20.9	0.0	0.0	0.0	0.0	0.0	24.1	0.0	0.0	0.0	0.0	0.0	0.0	0.0	0.0	8.8	0.0	0.0	0.0	23.7
27	0.0	0.0	0.0	0.0	0.0	0.0	0.0	0.0	0.0	0.0	0.0	0.0	0.0	0.0	0.0	0.0	0.0	0.0	0.0	0.0	11.2	0.0	49.8	0.0	0.0	4.1	0.0	0.0	20.6	0.0	5.2	0.0	0.0	0.0	0.0	4.9	9.5	4.2	0.0	0.0	0.0	0.0	21.1	0.0	0.0	0.0	0.0	0.0	0.0	0.0	0.0	0.0	0.0	0.0	0.0	0.0	0.0	0.0	0.0	0.0	0.0	0.0	36.2	0.0	0.0	36.4	2.3	0.0	0.0	0.0	46.9	0.0	0.0	0.0	12.2	2.4	0.0	0.0	0.0	0.0	0.0	15.9	22.6	0.0	47.9	0.0	1.5	0.0	0.0	0.0	1.1	0.0	6.3	0.0	0.0	40.6	0.0	0.0	2.8	0.0
28	0.0	0.0	0.0	0.0	0.0	0.0	0.0	0.0	0.0	11.0	0.0	14.4	0.0	0.0	0.0	12.6	0.0	0.0	33.5	0.0	0.0	0.0	0.0	0.0	0.0	0.0	0.0	0.0	0.0	7.1	0.0	0.0	0.0	0.0	0.0	0.0	0.0	0.0	0.0	0.6	0.0	1.2	0.0	0.0	0.0	42.4	0.0	0.0	0.0	0.0	0.0	0.0	2.8	0.0	0.0	0.0	0.0	0.0	0.0	0.0	0.0	0.0	0.0	0.0	0.0	53.4	0.0	44.9	0.0	0.0	0.0	0.0	3.5	1.8	0.0	0.0	0.0	0.0	9.6	0.0	0.0	0.0	0.0	0.0	0.0	0.0	0.0	0.0	0.0	0.0	0.0	0.0	0.0	0.0	0.0	0.0	29.2	0.0	0.0	0.0
29	0.0	0.0	0.6	0.0	0.0	0.0	0.0	0.0	0.0	0.0	0.0	0.0	0.0	0.0	0.0	13.7	0.0	0.0	0.0	0.0	0.0	0.0	77.4	0.0	0.0	0.0	20.6	0.0	0.0	0.0	31.5	0.0	0.0	0.0	0.0	0.0	0.0	0.0	27.0	0.0	0.0	11.6	0.0	0.0	1.1	16.5	6.4	0.0	53.6	0.0	0.0	0.0	0.0	34.8	0.0	0.0	0.0	0.0	0.0	36.6	0.0	0.0	0.0	0.0	0.0	0.0	0.0	0.0	0.0	0.0	0.0	0.0	13.9	43.1	0.0	0.0	0.0	0.0	0.0	0.0	11.2	0.0	0.0	0.0	16.3	0.0	0.0	0.0	0.0	89.1	0.0	0.0	0.0	0.0	0.0	18.3	0.0	0.0	0.0	0.0
30	0.0	0.0	2.2	39.8	0.0	0.0	0.0	0.0	0.0	0.0	0.0	0.0	0.0	16.3	0.0	1.6	0.0	0.0	21.1	0.0	13.1	0.0	0.0	14.0	27.9	0.0	0.0	7.1	0.0	0.0	0.0	34.2	0.0	0.0	0.0	0.0	0.0	0.0	0.0	0.0	0.0	0.0	44.8	19.6	0.0	0.0	0.0	0.0	0.0	2.8	0.0	0.0	7.7	0.0	0.0	95.9	0.0	0.0	0.0	17.5	9.7	0.0	12.7	53.2	54.4	0.0	34.9	0.0	0.0	0.0	0.0	0.0	0.0	0.0	0.0	40.0	0.0	0.0	0.0	0.0	0.0	8.2	0.0	84.6	0.0	0.0	0.0	0.0	0.0	24.2	66.6	0.0	0.0	0.0	0.0	0.0	0.0	0.0	0.0	0.0
31	0.0	0.0	0.0	0.0	0.0	0.0	0.0	0.0	0.0	0.0	0.0	13.9	0.0	0.0	26.0	0.0	0.0	0.0	0.0	2.1	0.0	0.0	0.4	0.0	0.0	0.0	5.2	0.0	31.5	0.0	0.0	0.0	93.1	0.0	57.9	0.0	9.2	0.0	0.0	0.0	0.0	0.0	0.0	0.0	0.0	0.0	0.0	0.0	0.0	0.0	0.0	48.1	0.0	5.7	0.0	0.0	0.0	0.0	0.0	11.3	0.0	58.2	0.0	0.0	0.0	0.0	0.0	0.0	0.0	0.0	0.0	0.0	0.0	0.0	30.6	0.0	0.0	0.0	0.0	0.0	9.4	10.5	0.0	34.3	13.0	0.0	0.0	0.0	0.0	0.0	3.7	0.0	0.0	0.0	36.6	0.0	0.0	0.0	0.0	0.0
32	0.0	0.0	0.0	46.4	0.0	0.0	0.0	0.0	0.0	0.0	0.0	0.0	0.0	7.2	0.0	0.0	0.0	0.0	0.0	0.0	0.0	17.7	0.0	0.0	0.0	0.0	0.0	0.0	0.0	34.2	0.0	0.0	0.0	0.0	0.0	0.0	13.8	0.0	0.0	0.0	0.0	32.7	0.0	0.0	0.0	0.0	0.0	0.0	0.0	0.0	0.0	0.0	0.0	0.0	0.0	0.0	0.0	5.1	0.0	0.0	0.0	23.7	0.0	0.0	0.0	0.0	0.0	0.0	0.0	0.0	0.0	0.0	0.0	0.0	0.0	0.0	0.0	0.0	0.0	3.8	21.3	11.0	0.0	0.0	0.0	0.0	0.0	1.9	0.0	0.0	0.0	0.0	0.0	0.0	0.0	10.0	0.0	0.0	0.0	0.0
33	0.0	0.0	0.0	0.0	0.0	0.0	0.0	0.0	5.5	0.0	0.0	0.0	0.0	2.1	59.1	0.0	0.0	0.0	0.0	60.5	0.0	0.0	0.0	0.0	0.0	0.0	0.0	0.0	0.0	0.0	93.1	0.0	0.0	0.0	0.0	0.0	0.0	0.0	0.0	0.0	0.0	0.0	0.0	0.0	28.0	0.0	0.0	67.0	0.0	20.9	44.1	1.3	0.0	0.0	0.0	0.0	0.0	0.0	0.0	0.0	0.0	0.0	0.0	0.0	0.0	0.0	0.0	0.0	0.0	1.2	0.0	0.0	0.0	0.0	0.0	0.0	0.0	0.0	0.0	0.0	0.0	0.0	0.0	0.0	0.0	0.0	0.0	0.0	0.0	0.0	0.0	0.0	0.0	0.0	0.0	0.0	0.0	0.0	53.8	0.0
34	0.0	0.0	0.0	20.4	55.5	0.0	0.0	0.0	0.0	2.6	60.7	81.0	0.0	0.0	0.0	0.0	0.0	29.5	0.0	0.0	2.8	29.5	0.0	33.5	0.0	0.0	0.0	0.0	0.0	0.0	0.0	0.0	0.0	0.0	23.9	0.0	0.0	0.0	0.0	0.0	0.0	0.0	0.0	0.0	0.0	0.0	0.0	0.0	0.0	34.2	0.0	0.0	0.0	0.0	0.0	0.0	0.0	0.0	0.0	0.0	32.1	0.0	0.0	21.9	0.0	0.0	0.0	0.0	0.0	0.0	0.0	0.0	0.0	12.8	24.3	32.5	0.0	0.0	0.3	2.8	0.0	0.0	0.0	0.1	1.7	0.0	0.0	0.0	0.0	0.0	0.0	0.0	0.0	0.0	0.0	0.0	0.0	0.0	0.0	52.2
35	0.0	20.7	0.0	0.0	0.0	0.0	0.0	62.2	0.0	0.0	0.0	0.0	38.6	0.0	0.0	0.0	0.0	0.0	0.0	42.3	0.0	27.3	9.8	0.0	0.0	0.0	0.0	0.0	0.0	0.0	57.9	0.0	0.0	23.9	0.0	0.0	0.0	0.0	0.0	0.0	0.0	0.0	0.0	76.3	0.0	0.0	0.0	0.0	25.7	0.0	0.0	0.0	0.0	26.8	15.7	0.0	0.0	0.0	0.0	0.0	20.0	21.0	0.0	1.7	0.0	0.0	0.0	0.0	51.1	0.0	0.0	0.0	0.0	29.4	0.0	13.4	0.0	0.0	0.0	0.0	49.0	0.0	0.0	0.0	19.7	0.0	0.0	0.0	41.7	2.2	0.0	0.0	0.0	13.3	0.0	0.0	0.0	0.0	0.0	0.0
36	8.2	0.0	0.0	0.0	8.8	0.0	0.0	0.0	0.0	0.0	0.0	31.7	0.0	18.0	0.0	0.0	0.0	39.0	0.0	0.0	0.0	0.0	2.7	0.0	0.0	0.0	4.9	0.0	0.0	0.0	0.0	0.0	0.0	0.0	0.0	0.0	0.0	0.0	0.0	0.0	0.0	30.1	0.0	0.0	0.0	0.0	0.0	3.9	50.8	26.1	13.8	31.1	0.0	0.0	2.3	0.0	0.0	0.0	0.0	0.0	7.1	0.0	0.0	0.0	0.0	0.0	0.0	0.0	0.0	0.0	0.0	0.0	0.0	0.0	0.0	0.0	39.8	0.0	0.0	2.4	0.0	0.0	0.0	0.0	0.0	0.0	0.0	0.0	0.0	0.0	0.0	0.0	34.3	0.0	12.5	0.0	2.1	0.0	0.0	0.0
37	71.7	0.0	0.0	0.0	0.0	0.0	0.0	0.0	0.0	0.0	0.0	0.0	0.3	0.0	44.9	0.0	18.0	0.0	0.0	0.0	1.0	0.0	0.0	0.0	0.0	0.0	9.5	0.0	0.0	0.0	9.2	13.8	0.0	0.0	0.0	0.0	0.0	0.0	0.0	0.0	0.0	0.0	0.0	0.0	0.0	0.0	0.0	0.0	0.0	0.0	0.0	0.0	0.0	2.7	0.0	0.0	0.0	63.1	0.0	0.0	49.4	0.0	0.0	0.0	0.0	0.0	0.0	0.0	0.0	11.4	0.0	0.0	16.0	0.0	0.0	0.0	0.0	0.0	0.0	0.0	0.0	0.0	0.0	0.0	0.0	0.0	0.0	0.0	6.0	13.7	30.8	0.0	0.0	0.0	4.3	0.0	0.0	0.0	0.0	49.1
38	0.0	0.0	0.0	0.0	0.0	0.0	0.0	0.0	0.0	0.0	0.0	0.0	21.0	0.0	0.0	0.0	0.0	13.3	0.0	0.0	56.5	0.0	0.0	0.0	0.0	0.0	4.2	0.0	0.0	0.0	0.0	0.0	0.0	0.0	0.0	0.0	0.0	0.0	0.0	19.4	0.0	0.0	2.9	0.0	0.0	0.0	0.0	0.0	0.0	24.5	0.0	0.0	0.0	0.0	0.0	41.3	0.0	47.5	0.0	0.0	0.0	0.0	0.0	0.0	28.8	19.3	0.0	0.0	0.0	0.0	0.0	68.9	70.6	0.0	0.0	0.0	0.0	0.0	0.0	0.0	0.0	0.0	0.0	0.0	0.0	0.0	0.0	0.0	14.3	0.0	58.5	0.0	0.0	31.0	0.0	0.0	0.0	0.0	0.0	0.0
39	0.0	0.0	0.0	2.1	0.0	0.0	0.0	0.0	0.0	0.0	15.6	22.9	0.0	0.0	0.0	0.0	0.0	0.0	0.0	0.0	0.0	0.0	0.0	0.0	0.0	0.0	0.0	0.0	27.0	0.0	0.0	0.0	0.0	0.0	0.0	0.0	0.0	0.0	0.0	0.0	0.0	0.0	29.9	0.0	0.0	0.0	0.0	0.0	0.0	0.0	0.0	0.0	65.0	0.0	0.6	61.1	33.6	0.0	90.1	0.0	52.0	0.0	0.0	0.0	0.0	0.0	0.0	0.0	58.9	0.0	0.0	7.4	5.9	0.0	0.0	0.0	58.8	0.0	0.0	0.0	3.9	0.0	0.0	0.0	0.0	0.0	0.0	0.0	0.0	0.0	18.3	0.0	22.9	0.0	0.0	0.0	0.0	0.0	1.2	0.0
40	0.0	0.0	0.0	0.0	0.0	0.0	0.0	0.0	1.7	13.8	0.0	0.0	0.0	0.0	0.0	0.0	0.0	0.0	0.0	0.0	0.0	0.0	34.6	0.0	0.0	0.0	0.0	0.6	0.0	0.0	0.0	0.0	0.0	0.0	0.0	0.0	0.0	19.4	0.0	0.0	0.0	0.0	0.0	0.0	12.1	0.5	0.0	0.0	0.0	0.0	0.0	17.4	22.3	0.0	0.0	0.0	0.0	30.8	0.0	2.5	40.3	0.0	0.0	0.0	0.0	0.0	0.0	0.0	0.0	0.0	0.0	0.0	0.0	0.0	0.0	0.0	0.0	0.0	19.9	0.0	0.0	38.0	0.0	0.0	0.3	0.0	0.0	0.0	0.0	0.0	69.4	0.0	0.0	0.0	0.0	8.2	22.4	0.0	0.0	0.0
41	15.5	0.0	0.0	9.4	0.0	1.6	0.0	0.0	0.0	7.3	0.0	0.0	0.0	0.0	0.0	0.0	4.5	0.0	0.0	0.2	0.0	52.1	0.0	0.0	0.0	16.4	0.0	0.0	0.0	0.0	0.0	0.0	0.0	0.0	0.0	0.0	0.0	0.0	0.0	0.0	0.0	0.0	0.0	0.0	0.0	0.0	0.0	10.2	0.0	0.0	0.0	0.0	0.0	0.0	28.8	0.0	0.0	0.0	0.0	0.0	0.0	9.4	0.0	0.0	0.0	79.9	6.4	0.0	0.0	27.4	61.8	0.0	0.0	0.0	0.0	0.0	0.0	0.0	0.0	0.0	0.0	0.0	0.0	0.0	0.0	0.0	0.0	0.0	0.0	0.0	0.0	0.0	0.0	0.0	0.0	4.3	81.6	0.0	10.8	0.0
42	0.0	0.0	66.6	0.0	0.0	0.0	0.0	0.0	0.0	0.0	0.0	0.0	15.7	0.0	0.0	0.0	7.4	0.0	53.1	10.6	0.1	0.0	0.0	13.7	0.0	0.0	0.0	1.2	11.6	0.0	0.0	32.7	0.0	0.0	0.0	30.1	0.0	0.0	0.0	0.0	0.0	0.0	0.0	0.0	0.0	0.0	7.1	0.0	0.0	0.0	0.0	0.0	0.0	67.6	0.0	0.0	0.0	0.0	1.0	0.0	0.0	16.8	0.0	0.0	0.0	0.0	20.4	0.0	6.2	15.9	0.0	0.0	0.0	0.0	0.0	0.0	5.7	12.8	0.0	0.0	0.0	0.0	12.2	0.0	19.3	64.0	0.0	0.0	0.0	45.9	0.0	0.0	0.0	0.0	0.0	0.0	40.1	0.0	10.2	0.0
43	37.1	0.0	0.0	0.0	0.0	0.0	0.0	0.0	0.0	0.0	0.0	0.0	0.0	0.0	0.0	0.0	0.0	0.9	0.0	0.0	40.7	0.0	0.0	0.0	0.0	0.0	21.1	0.0	0.0	44.8	0.0	0.0	0.0	0.0	0.0	0.0	0.0	2.9	29.9	0.0	0.0	0.0	0.0	0.0	0.0	0.0	0.0	20.6	0.0	5.2	0.0	0.0	0.0	0.0	0.0	0.0	0.0	0.0	0.0	0.0	0.0	4.6	0.0	0.0	41.1	0.0	0.0	0.0	0.0	14.4	0.0	0.0	7.1	0.0	0.0	0.0	0.0	0.0	63.2	0.0	18.0	57.6	4.7	0.0	0.0	12.9	0.0	0.0	0.0	0.0	0.0	0.0	0.0	0.0	0.0	0.0	0.0	17.0	0.0	0.0
44	70.8	0.0	0.0	0.0	0.0	0.0	0.0	0.0	0.0	0.0	0.0	0.0	5.6	0.0	0.0	0.0	0.0	0.0	2.7	0.0	0.0	0.0	21.2	0.0	0.0	0.0	0.0	0.0	0.0	19.6	0.0	0.0	0.0	0.0	76.3	0.0	0.0	0.0	0.0	0.0	0.0	0.0	0.0	0.0	0.0	0.0	0.0	7.4	0.0	0.0	0.0	0.0	0.0	0.0	0.0	0.0	0.0	0.0	30.0	0.0	45.5	41.9	0.0	0.0	0.0	0.0	0.0	0.0	0.0	0.0	0.0	0.0	11.7	0.0	0.0	9.8	0.0	25.8	0.0	76.1	0.0	75.2	0.0	0.0	0.0	58.1	0.0	0.0	0.0	0.0	0.0	0.0	0.0	7.4	0.0	0.0	0.0	0.0	0.0	0.0
45	0.0	0.0	0.0	20.1	0.0	0.0	0.0	0.0	0.0	1.0	0.0	0.0	32.4	0.0	0.0	0.0	42.9	30.1	0.0	0.0	0.0	0.0	0.0	0.0	0.0	0.0	0.0	0.0	1.1	0.0	0.0	0.0	28.0	0.0	0.0	0.0	0.0	0.0	0.0	12.1	0.0	0.0	0.0	0.0	0.0	0.0	0.0	0.0	29.6	0.0	20.9	0.0	39.7	0.0	0.0	0.0	31.1	49.6	0.0	0.0	62.3	0.0	0.0	0.0	0.0	0.0	0.0	0.0	0.0	0.0	0.0	11.2	0.0	0.0	0.0	0.0	0.0	0.0	0.0	0.0	0.0	0.0	0.0	0.0	0.0	0.0	1.8	0.0	0.0	0.0	0.0	25.0	0.0	0.0	12.0	0.0	0.0	0.0	16.7	0.0
46	0.0	0.0	0.0	0.0	0.0	0.0	0.0	0.0	0.0	0.0	0.0	0.0	0.0	0.0	27.7	0.0	0.0	0.0	0.0	0.0	0.0	0.0	0.0	0.0	0.0	0.0	0.0	42.4	16.5	0.0	0.0	0.0	0.0	0.0	0.0	0.0	0.0	0.0	0.0	0.5	0.0	0.0	0.0	0.0	0.0	0.0	0.0	0.0	0.0	0.0	0.0	0.0	0.0	0.0	34.1	24.3	0.0	70.5	0.0	0.0	0.0	0.0	0.0	3.6	0.0	4.9	0.0	3.1	0.0	0.0	6.2	0.0	0.0	0.0	0.0	0.0	6.6	0.0	0.0	0.0	0.0	0.0	0.0	0.0	0.0	26.5	0.0	0.0	0.0	9.8	59.1	0.0	0.0	0.0	0.0	0.0	0.0	0.0	24.4	0.0
47	26.3	0.0	0.0	0.0	0.0	0.0	0.0	0.0	46.9	0.0	0.0	0.0	0.0	0.0	0.0	0.0	0.0	0.0	0.0	0.0	25.8	0.0	31.7	24.6	0.0	0.0	0.0	0.0	6.4	0.0	0.0	0.0	0.0	0.0	0.0	0.0	0.0	0.0	0.0	0.0	0.0	7.1	0.0	0.0	0.0	0.0	0.0	0.0	33.0	0.0	0.0	0.0	0.0	31.9	9.7	0.0	0.0	0.0	56.5	0.0	0.0	0.0	0.0	0.0	0.0	0.0	21.1	0.0	0.0	0.0	0.0	0.0	0.0	0.0	0.0	0.0	0.0	0.0	0.0	0.0	0.0	0.0	0.0	0.0	0.0	0.0	4.1	0.0	0.0	1.1	0.0	7.6	0.0	0.0	0.0	0.0	0.0	0.0	0.0	0.0
48	0.0	0.0	0.0	0.0	0.0	10.6	0.0	13.2	0.0	0.0	40.0	0.0	0.0	14.5	0.0	0.0	0.0	0.0	0.0	0.0	14.9	0.0	0.0	0.0	0.0	0.0	0.0	0.0	0.0	0.0	0.0	0.0	67.0	0.0	0.0	3.9	0.0	0.0	0.0	0.0	10.2	0.0	20.6	7.4	0.0	0.0	0.0	0.0	0.0	0.0	0.0	0.0	0.0	0.0	0.0	0.0	0.0	20.1	0.0	0.0	0.0	0.0	0.0	0.0	0.0	0.0	21.7	0.0	0.0	0.0	2.9	34.2	0.0	0.0	0.0	0.0	0.0	80.4	0.0	0.0	0.0	23.4	33.4	2.7	0.0	19.7	0.0	0.0	0.0	0.0	3.8	0.0	0.0	0.0	0.0	0.0	13.2	40.4	0.0	0.0
49	0.0	10.1	0.0	5.6	0.0	0.0	47.3	7.9	7.2	0.0	0.0	0.0	13.1	0.0	0.0	0.0	36.2	0.0	0.0	0.0	0.0	0.0	0.0	0.0	0.0	0.0	0.0	0.0	53.6	0.0	0.0	0.0	0.0	0.0	25.7	50.8	0.0	0.0	0.0	0.0	0.0	0.0	0.0	0.0	29.6	0.0	33.0	0.0	0.0	0.0	0.0	0.0	0.0	36.3	0.0	0.0	0.0	0.0	0.0	0.0	0.0	0.0	0.0	4.3	0.0	0.0	0.0	28.7	0.0	0.0	0.0	0.0	0.0	0.0	0.0	0.0	0.0	26.9	58.5	14.5	0.0	0.0	0.0	0.0	0.0	0.0	0.0	0.0	9.0	0.0	0.0	19.0	0.0	0.0	0.0	0.0	0.0	0.0	0.0	29.7
50	0.0	0.0	0.0	0.0	0.0	0.0	0.0	0.0	0.0	0.0	10.9	0.0	0.0	0.0	0.0	0.0	0.0	0.0	0.0	0.0	0.0	0.0	3.2	0.0	0.0	0.0	0.0	0.0	0.0	2.8	0.0	0.0	20.9	34.2	0.0	26.1	0.0	24.5	0.0	0.0	0.0	0.0	5.2	0.0	0.0	0.0	0.0	0.0	0.0	0.0	0.0	0.0	0.0	16.3	3.4	0.3	0.0	0.0	0.0	0.0	0.0	0.0	0.0	0.0	0.0	0.0	13.1	0.0	0.0	0.0	0.0	0.0	0.0	0.0	0.0	0.0	0.0	0.0	7.8	0.0	0.0	0.0	0.0	0.0	0.0	0.0	0.0	0.0	0.0	0.0	0.0	0.0	0.0	0.0	0.0	0.0	0.0	0.0	0.0	0.0
51	0.0	0.0	0.0	4.8	0.0	0.0	12.2	0.0	0.0	18.3	0.0	11.5	6.4	0.0	0.0	0.0	0.0	0.0	0.0	0.0	0.0	0.0	0.0	0.0	0.0	0.0	0.0	0.0	0.0	0.0	0.0	0.0	44.1	0.0	0.0	13.8	0.0	0.0	0.0	0.0	0.0	0.0	0.0	0.0	20.9	0.0	0.0	0.0	0.0	0.0	0.0	32.1	0.0	0.0	0.0	0.1	15.7	0.0	0.0	0.0	0.0	0.0	0.0	0.0	0.0	0.0	0.0	0.0	42.7	46.6	0.0	0.0	0.0	0.0	0.0	0.0	0.0	48.4	0.0	0.0	0.0	0.0	0.0	0.0	0.0	0.0	0.0	0.0	6.3	0.0	0.0	0.0	0.0	0.0	0.0	6.5	0.0	0.0	71.3	0.0
52	0.0	0.0	0.0	0.0	0.0	8.6	62.4	0.0	0.0	0.0	0.0	0.0	0.0	0.0	0.0	0.0	0.0	0.0	0.0	0.0	51.6	0.0	11.2	0.0	0.0	0.0	0.0	0.0	0.0	0.0	48.1	0.0	1.3	0.0	0.0	31.1	0.0	0.0	0.0	17.4	0.0	0.0	0.0	0.0	0.0	0.0	0.0	0.0	0.0	0.0	32.1	0.0	0.0	0.0	0.0	0.0	0.0	0.0	0.0	0.0	0.0	0.0	0.0	0.0	12.6	0.0	0.0	0.0	0.0	0.0	0.0	0.0	0.0	0.0	0.0	0.0	0.0	0.0	0.0	41.7	9.8	10.1	0.0	0.0	0.0	10.4	0.0	0.0	0.0	0.0	0.0	0.0	0.0	0.0	0.0	17.6	0.0	0.0	0.0	0.0
53	0.0	0.0	0.0	0.0	0.0	0.0	0.0	0.0	0.0	0.0	0.0	0.0	0.0	0.0	0.0	0.0	0.0	7.2	46.5	0.0	0.0	0.0	0.0	0.3	0.0	0.0	0.0	2.8	0.0	7.7	0.0	0.0	0.0	0.0	0.0	0.0	0.0	0.0	65.0	22.3	0.0	0.0	0.0	0.0	39.7	0.0	0.0	0.0	0.0	0.0	0.0	0.0	0.0	0.0	3.6	0.0	0.0	2.5	0.2	9.9	43.6	0.0	8.9	0.0	0.0	0.0	0.0	0.0	0.0	0.0	0.0	0.0	0.0	0.0	11.8	0.0	1.1	27.8	0.0	0.0	0.0	0.0	0.0	0.0	22.3	0.0	0.0	16.4	0.0	0.0	0.0	0.0	2.9	0.0	71.6	0.0	8.2	0.6	0.0	0.0
54	95.4	0.0	0.0	0.0	12.5	0.0	0.0	0.0	0.0	0.0	0.0	27.2	50.5	0.0	0.0	7.1	0.0	0.0	0.0	0.0	14.3	66.1	0.0	0.0	0.0	0.0	0.0	0.0	34.8	0.0	5.7	0.0	0.0	0.0	26.8	0.0	2.7	0.0	0.0	0.0	0.0	67.6	0.0	0.0	0.0	0.0	31.9	0.0	36.3	16.3	0.0	0.0	0.0	0.0	0.0	0.0	0.0	38.6	0.0	0.0	0.0	0.0	0.0	0.0	0.0	0.0	0.0	0.0	43.9	0.0	0.0	5.4	0.0	0.0	0.0	0.0	0.0	0.0	0.0	1.0	0.0	0.0	0.0	61.5	0.0	0.0	0.0	0.0	0.0	0.0	0.0	61.3	39.1	0.0	0.0	0.0	0.0	0.0	0.0	0.0
55	0.0	0.0	0.0	0.0	11.3	68.7	5.2	0.0	0.0	0.0	0.0	0.0	45.3	0.0	0.0	0.0	0.0	0.0	0.0	0.0	0.0	0.0	0.0	15.1	24.2	0.0	0.0	0.0	0.0	0.0	0.0	0.0	0.0	0.0	15.7	2.3	0.0	0.0	0.6	0.0	28.8	0.0	0.0	0.0	0.0	34.1	9.7	0.0	0.0	3.4	0.0	0.0	3.6	0.0	0.0	0.0	0.0	0.0	2.5	0.0	79.2	0.0	0.0	0.0	0.0	0.0	0.0	11.1	0.0	0.0	0.0	0.0	0.6	0.0	12.5	0.0	0.0	0.0	0.0	0.0	0.0	35.8	0.0	0.0	0.0	0.0	0.0	0.0	0.0	0.0	0.0	0.0	0.0	0.0	0.0	0.0	0.0	0.0	0.0	18.3
56	13.3	0.0	0.0	0.0	7.5	0.0	0.0	0.0	0.0	0.0	0.0	0.0	0.0	0.0	0.0	0.7	0.0	30.2	0.0	0.0	2.0	0.0	0.0	0.0	32.2	0.0	0.0	0.0	0.0	95.9	0.0	0.0	0.0	0.0	0.0	0.0	0.0	41.3	61.1	0.0	0.0	0.0	0.0	0.0	0.0	24.3	0.0	0.0	0.0	0.3	0.1	0.0	0.0	0.0	0.0	0.0	0.0	0.0	0.0	0.0	0.0	0.0	0.0	0.0	0.0	11.7	0.0	0.0	0.0	0.0	14.3	0.0	0.0	0.0	0.0	0.0	0.0	0.0	0.0	0.0	0.0	72.0	0.0	0.0	0.0	0.0	0.0	0.0	0.0	0.0	0.0	0.0	0.0	45.7	0.0	0.0	0.0	0.0	0.0	0.0
57	5.0	0.0	9.5	0.0	0.0	0.0	0.0	0.0	86.0	0.0	0.0	0.0	0.0	0.0	0.0	4.3	6.1	0.0	0.0	0.0	0.0	0.0	0.0	0.0	0.0	0.0	0.0	0.0	0.0	0.0	0.0	0.0	0.0	0.0	0.0	0.0	0.0	0.0	33.6	0.0	0.0	0.0	0.0	0.0	31.1	0.0	0.0	0.0	0.0	0.0	15.7	0.0	0.0	0.0	0.0	0.0	0.0	0.0	0.0	0.0	0.0	0.7	0.0	0.0	0.0	0.0	0.0	0.0	58.1	0.0	0.0	0.0	0.0	1.6	0.0	0.0	0.0	0.0	0.0	0.0	0.0	6.7	0.0	0.0	0.0	0.9	0.0	0.0	0.0	0.0	0.0	0.0	0.0	0.0	0.0	0.0	0.0	0.0	0.0	0.0
58	0.0	0.0	46.2	0.0	0.0	0.1	0.0	33.2	0.0	0.0	0.0	0.0	0.0	0.0	77.5	0.0	0.0	0.0	0.0	0.0	0.0	73.2	0.0	0.0	0.0	0.0	0.0	0.0	0.0	0.0	0.0	5.1	0.0	0.0	0.0	0.0	63.1	47.5	0.0	30.8	0.0	0.0	0.0	0.0	49.6	70.5	0.0	20.1	0.0	0.0	0.0	0.0	2.5	38.6	0.0	0.0	0.0	0.0	0.0	0.0	0.0	0.0	23.7	0.0	0.0	0.0	0.0	0.0	0.0	0.0	0.0	0.0	0.0	0.0	0.0	0.0	0.0	0.0	0.0	39.5	0.0	0.0	52.5	0.0	0.0	0.0	0.0	0.0	0.0	0.0	0.0	0.0	0.0	0.0	0.0	0.0	0.0	11.6	0.0	32.4
59	17.9	0.0	11.3	0.0	0.0	0.0	0.0	0.4	0.0	6.3	0.0	10.6	0.0	33.1	0.0	0.0	0.0	0.0	60.7	0.0	17.8	8.5	0.0	28.5	0.0	0.0	0.0	0.0	0.0	0.0	0.0	0.0	0.0	0.0	0.0	0.0	0.0	0.0	90.1	0.0	0.0	1.0	0.0	30.0	0.0	0.0	56.5	0.0	0.0	0.0	0.0	0.0	0.2	0.0	2.5	0.0	0.0	0.0	0.0	0.0	59.7	0.0	0.0	0.0	0.0	0.0	0.0	0.0	34.1	0.0	0.0	0.0	0.0	0.0	0.0	0.0	0.0	0.0	0.0	0.0	0.0	0.0	11.2	63.0	0.0	0.0	26.3	0.0	0.0	0.0	0.0	10.7	0.0	0.0	0.0	0.0	0.0	0.0	0.0	0.0
60	0.0	0.0	11.1	0.0	0.0	33.9	0.0	0.0	0.0	0.0	93.7	89.4	0.0	0.0	0.0	0.0	0.0	0.0	0.0	0.0	0.0	0.0	0.0	0.0	0.0	0.0	0.0	0.0	36.6	17.5	11.3	0.0	0.0	0.0	0.0	0.0	0.0	0.0	0.0	2.5	0.0	0.0	0.0	0.0	0.0	0.0	0.0	0.0	0.0	0.0	0.0	0.0	9.9	0.0	0.0	0.0	0.0	0.0	0.0	0.0	30.4	0.3	0.0	0.0	0.0	0.0	0.0	0.0	0.0	0.0	0.0	0.0	0.0	63.9	0.0	56.2	0.0	0.0	0.0	0.0	0.0	0.0	0.0	3.3	0.0	0.0	0.0	42.1	42.4	0.0	38.9	0.0	0.0	0.0	2.6	0.0	0.0	0.0	0.0	0.0
61	0.0	0.0	21.7	3.5	0.0	6.9	0.0	0.0	0.0	27.3	0.0	0.0	0.0	0.0	25.8	60.9	0.0	0.0	21.3	0.0	16.0	43.2	10.1	0.0	0.0	0.0	0.0	0.0	0.0	9.7	0.0	0.0	0.0	32.1	20.0	7.1	49.4	0.0	52.0	40.3	0.0	0.0	0.0	45.5	62.3	0.0	0.0	0.0	0.0	0.0	0.0	0.0	43.6	0.0	79.2	0.0	0.0	0.0	59.7	30.4	0.0	0.0	0.0	0.0	13.5	0.0	0.0	0.0	0.0	38.7	13.9	0.0	0.0	0.0	0.0	0.0	19.8	0.0	0.0	21.4	29.1	0.0	1.8	21.0	0.0	0.0	0.0	0.0	6.9	18.8	0.0	0.0	0.0	0.0	0.0	0.0	0.0	0.0	3.2	48.9
62	0.0	40.8	0.0	0.0	0.0	0.0	1.6	7.4	0.0	0.0	0.0	0.0	1.3	0.0	0.0	0.0	0.0	0.0	0.0	0.0	0.0	0.0	0.0	10.6	0.0	0.4	0.0	0.0	0.0	0.0	58.2	23.7	0.0	0.0	21.0	0.0	0.0	0.0	0.0	0.0	9.4	16.8	4.6	41.9	0.0	0.0	0.0	0.0	0.0	0.0	0.0	0.0	0.0	0.0	0.0	0.0	0.7	0.0	0.0	0.3	0.0	0.0	0.0	0.0	16.4	0.0	0.0	0.0	0.0	0.0	47.5	0.0	5.1	0.9	0.0	0.0	10.6	0.0	0.0	0.0	19.5	0.0	16.0	0.0	0.0	0.0	0.0	0.0	0.0	0.0	0.0	0.0	72.9	0.0	0.0	0.0	0.0	0.0	0.0	0.0
63	0.0	0.0	0.0	0.0	0.0	0.0	0.0	0.0	0.0	0.0	2.4	0.0	0.0	0.0	0.0	0.0	0.0	0.0	0.0	0.0	0.0	0.0	55.8	0.0	0.0	0.0	36.2	0.0	0.0	12.7	0.0	0.0	0.0	0.0	0.0	0.0	0.0	0.0	0.0	0.0	0.0	0.0	0.0	0.0	0.0	0.0	0.0	0.0	0.0	0.0	0.0	0.0	8.9	0.0	0.0	0.0	0.0	23.7	0.0	0.0	0.0	0.0	0.0	0.0	0.0	0.0	0.0	0.0	0.0	21.9	1.3	0.0	0.0	0.0	8.7	0.0	47.8	6.5	0.0	0.0	0.0	0.0	1.2	0.0	0.0	0.0	0.0	0.0	0.0	0.0	0.0	0.0	16.1	0.0	0.0	0.0	0.4	0.0	0.0	0.0
64	0.0	0.0	0.0	0.0	0.0	7.1	0.0	0.0	0.0	0.0	36.6	0.0	0.0	31.8	0.0	0.0	0.0	0.0	1.3	0.0	0.0	0.0	0.0	56.4	0.0	0.0	0.0	0.0	0.0	53.2	0.0	0.0	0.0	21.9	1.7	0.0	0.0	0.0	0.0	0.0	0.0	0.0	0.0	0.0	0.0	3.6	0.0	0.0	4.3	0.0	0.0	0.0	0.0	0.0	0.0	0.0	0.0	0.0	0.0	0.0	0.0	0.0	0.0	0.0	0.0	0.0	66.0	75.4	0.0	0.0	0.0	6.0	0.0	20.4	0.0	0.0	0.0	0.0	0.0	7.4	0.0	0.0	0.0	0.0	20.0	0.0	0.0	0.0	0.0	0.0	0.0	18.0	0.0	0.0	0.0	0.0	0.0	0.0	0.0	0.0
65	0.0	0.0	0.0	0.0	0.0	0.0	0.0	0.0	0.0	0.0	0.0	0.0	0.0	0.0	0.0	0.0	48.4	48.4	0.0	0.0	42.5	0.0	0.0	9.1	0.0	0.0	0.0	0.0	0.0	54.4	0.0	0.0	0.0	0.0	0.0	0.0	0.0	28.8	0.0	0.0	0.0	0.0	41.1	0.0	0.0	0.0	0.0	0.0	0.0	0.0	0.0	12.6	0.0	0.0	0.0	0.0	0.0	0.0	0.0	0.0	13.5	16.4	0.0	0.0	0.0	34.7	0.0	0.0	4.5	0.0	0.0	0.0	0.0	0.0	0.0	0.0	22.6	0.0	0.0	0.0	49.1	0.0	0.0	0.0	5.5	0.0	0.0	0.0	0.0	0.0	31.5	0.0	0.0	0.0	0.0	0.0	0.0	0.0	0.0	0.0
66	0.0	0.0	0.0	0.0	0.0	10.4	0.0	0.0	0.0	0.0	0.0	0.0	12.7	0.0	0.0	0.0	0.0	0.0	0.0	21.5	12.9	0.0	0.0	0.0	0.0	0.0	36.4	53.4	0.0	0.0	0.0	0.0	0.0	0.0	0.0	0.0	0.0	19.3	0.0	0.0	79.9	0.0	0.0	0.0	0.0	4.9	0.0	0.0	0.0	0.0	0.0	0.0	0.0	0.0	0.0	11.7	0.0	0.0	0.0	0.0	0.0	0.0	0.0	0.0	34.7	0.0	8.4	0.0	0.0	0.0	0.0	63.1	0.0	60.6	0.0	0.0	0.0	3.9	0.0	25.5	0.0	0.0	0.0	0.0	0.0	0.0	0.0	0.0	0.0	0.0	26.6	0.0	0.0	0.0	4.6	0.0	0.0	0.0	0.0	0.0
67	0.0	29.4	0.0	0.0	0.0	9.7	0.0	10.4	41.1	0.0	0.0	0.0	4.3	0.0	0.0	0.0	0.0	0.0	0.0	0.0	0.0	0.0	0.0	0.0	0.0	0.0	2.3	0.0	0.0	34.9	0.0	0.0	0.0	0.0	0.0	0.0	0.0	0.0	0.0	0.0	6.4	20.4	0.0	0.0	0.0	0.0	21.1	21.7	0.0	13.1	0.0	0.0	0.0	0.0	0.0	0.0	0.0	0.0	0.0	0.0	0.0	0.0	0.0	66.0	0.0	8.4	0.0	0.0	0.0	0.0	0.0	0.0	0.0	0.0	0.0	0.0	0.0	24.9	0.0	0.0	0.0	7.9	0.0	1.8	0.0	0.0	0.0	0.0	74.7	0.0	0.0	0.0	0.0	0.0	39.5	0.0	0.0	0.0	0.0	0.0
68	31.2	0.0	0.0	0.0	0.0	6.3	41.2	1.9	0.0	0.0	0.0	0.0	0.0	0.0	84.0	0.0	0.0	0.0	0.0	0.0	0.0	0.0	0.0	36.0	1.7	80.7	0.0	44.9	0.0	0.0	0.0	0.0	0.0	0.0	0.0	0.0	0.0	0.0	0.0	0.0	0.0	0.0	0.0	0.0	0.0	3.1	0.0	0.0	28.7	0.0	0.0	0.0	0.0	0.0	11.1	0.0	0.0	0.0	0.0	0.0	0.0	0.0	0.0	75.4	0.0	0.0	0.0	0.0	0.0	0.0	0.0	0.0	0.0	0.0	13.1	0.0	0.0	0.0	0.0	11.7	0.0	0.0	0.0	0.0	0.0	0.0	0.0	0.0	0.0	17.7	0.0	0.0	0.0	49.2	0.0	0.0	2.4	0.0	0.0	0.0
69	24.5	13.7	0.0	0.0	0.0	0.0	0.7	0.0	0.0	3.1	0.0	0.0	0.0	19.8	7.0	0.0	0.9	11.1	1.7	0.0	0.0	0.0	0.0	15.2	0.0	0.0	0.0	0.0	0.0	0.0	0.0	0.0	0.0	0.0	51.1	0.0	0.0	0.0	58.9	0.0	0.0	6.2	0.0	0.0	0.0	0.0	0.0	0.0	0.0	0.0	42.7	0.0	0.0	43.9	0.0	0.0	58.1	0.0	34.1	0.0	0.0	0.0	0.0	0.0	4.5	0.0	0.0	0.0	0.0	17.9	0.0	0.0	0.0	0.0	0.0	0.0	1.1	0.0	0.0	63.0	14.6	0.0	0.3	0.0	0.0	0.0	0.0	26.6	0.0	15.7	23.5	0.0	1.8	10.4	0.0	7.3	21.4	65.5	0.0	0.0
70	0.0	0.0	0.0	0.0	0.0	0.0	0.0	0.0	27.0	0.0	0.0	0.0	0.0	0.0	0.0	0.0	0.0	0.0	0.0	0.0	0.0	0.0	0.0	0.0	0.0	0.0	0.0	0.0	0.0	0.0	0.0	0.0	1.2	0.0	0.0	0.0	11.4	0.0	0.0	0.0	27.4	15.9	14.4	0.0	0.0	0.0	0.0	0.0	0.0	0.0	46.6	0.0	0.0	0.0	0.0	0.0	0.0	0.0	0.0	0.0	38.7	0.0	21.9	0.0	0.0	0.0	0.0	0.0	17.9	0.0	0.0	0.0	36.5	0.8	0.0	0.0	0.0	37.9	0.0	0.0	5.1	0.0	0.0	0.0	0.0	0.0	0.0	0.0	0.0	0.0	0.0	0.0	0.0	63.8	0.5	0.0	0.0	0.0	0.0	0.0
71	0.0	0.0	0.0	18.6	0.0	70.5	0.0	27.0	0.0	0.0	0.0	3.2	0.0	0.0	0.0	0.0	0.0	0.0	64.3	0.0	0.0	0.0	0.0	0.0	27.7	0.0	46.9	0.0	0.0	0.0	0.0	0.0	0.0	0.0	0.0	0.0	0.0	0.0	0.0	0.0	61.8	0.0	0.0	0.0	0.0	6.2	0.0	2.9	0.0	0.0	0.0	0.0	0.0	0.0	0.0	14.3	0.0	0.0	0.0	0.0	13.9	47.5	1.3	0.0	0.0	0.0	0.0	0.0	0.0	0.0	0.0	0.0	0.0	39.6	0.0	0.0	0.0	11.2	0.0	12.6	41.0	0.0	0.0	0.0	33.2	0.0	0.0	0.0	14.6	1.5	0.0	0.0	0.0	0.0	0.0	0.0	0.0	0.0	0.0	0.0
72	0.0	0.0	0.0	0.0	0.0	0.0	0.0	37.8	0.0	0.0	22.3	0.0	0.0	0.0	0.0	0.0	0.0	0.0	0.0	0.0	0.0	0.0	0.0	0.0	32.3	0.0	0.0	0.0	0.0	0.0	0.0	0.0	0.0	0.0	0.0	0.0	0.0	68.9	7.4	0.0	0.0	0.0	0.0	0.0	11.2	0.0	0.0	34.2	0.0	0.0	0.0	0.0	0.0	5.4	0.0	0.0	0.0	0.0	0.0	0.0	0.0	0.0	0.0	6.0	0.0	63.1	0.0	0.0	0.0	0.0	0.0	0.0	0.0	18.0	0.0	0.0	0.0	16.6	0.0	0.0	0.0	0.0	63.4	0.0	0.0	0.0	0.0	0.0	15.9	0.0	0.0	0.0	0.0	0.0	0.0	12.0	0.0	0.0	0.0	0.0
73	0.0	0.0	0.0	0.0	0.0	0.0	0.0	0.0	0.0	0.0	0.0	0.0	0.0	0.0	6.6	0.0	0.0	0.0	0.0	0.0	0.0	0.0	0.0	0.0	36.4	0.0	0.0	3.5	13.9	0.0	0.0	0.0	0.0	0.0	0.0	0.0	16.0	70.6	5.9	0.0	0.0	0.0	7.1	11.7	0.0	0.0	0.0	0.0	0.0	0.0	0.0	0.0	0.0	0.0	0.6	0.0	0.0	0.0	0.0	0.0	0.0	5.1	0.0	0.0	0.0	0.0	0.0	0.0	0.0	36.5	0.0	0.0	0.0	0.0	0.0	30.4	0.0	0.0	32.0	0.0	0.0	0.0	0.0	0.0	0.0	0.0	14.7	0.0	0.0	0.0	0.0	1.0	0.0	0.0	0.0	0.0	0.0	0.0	24.9	0.0
74	0.0	0.0	0.0	0.0	0.0	0.0	0.0	0.0	0.0	0.0	0.0	0.0	0.0	0.0	0.0	0.0	0.0	0.0	0.0	0.0	0.0	0.0	0.0	0.0	24.8	0.0	0.0	1.8	43.1	0.0	0.0	0.0	0.0	12.8	29.4	0.0	0.0	0.0	0.0	0.0	0.0	0.0	0.0	0.0	0.0	0.0	0.0	0.0	0.0	0.0	0.0	0.0	0.0	0.0	0.0	0.0	1.6	0.0	0.0	63.9	0.0	0.9	0.0	20.4	0.0	60.6	0.0	0.0	0.0	0.8	39.6	18.0	0.0	0.0	35.5	0.0	0.0	0.0	17.9	0.0	0.0	0.2	0.0	8.6	0.0	0.0	0.0	0.0	0.0	46.4	16.0	0.0	0.0	0.0	0.0	0.0	0.0	0.0	0.0	0.0
75	0.0	13.4	0.0	0.0	0.0	5.1	0.0	0.0	0.6	0.0	0.0	0.0	0.0	0.0	0.0	0.0	0.0	0.0	0.0	0.0	0.0	12.6	52.9	0.0	0.0	0.0	12.2	0.0	0.0	0.0	30.6	0.0	0.0	24.3	0.0	0.0	0.0	0.0	0.0	0.0	0.0	0.0	0.0	0.0	0.0	0.0	0.0	0.0	0.0	0.0	0.0	0.0	11.8	0.0	12.5	0.0	0.0	0.0	0.0	0.0	0.0	0.0	8.7	0.0	0.0	0.0	0.0	13.1	0.0	0.0	0.0	0.0	0.0	35.5	0.0	40.2	0.0	0.0	19.8	0.0	0.0	0.0	0.0	0.0	0.0	0.0	0.0	0.0	0.0	65.2	0.0	0.0	1.7	0.0	0.0	0.0	0.0	0.0	0.0	0.0
76	0.0	0.0	0.0	0.0	33.8	0.0	0.0	0.0	0.0	0.0	0.0	0.0	0.0	0.0	0.0	0.0	0.0	53.0	46.3	0.0	11.2	0.0	17.0	0.0	0.0	0.0	2.4	0.0	0.0	40.0	0.0	0.0	0.0	32.5	13.4	0.0	0.0	0.0	0.0	0.0	0.0	0.0	0.0	9.8	0.0	0.0	0.0	0.0	0.0	0.0	0.0	0.0	0.0	0.0	0.0	0.0	0.0	0.0	0.0	56.2	0.0	0.0	0.0	0.0	0.0	0.0	0.0	0.0	0.0	0.0	0.0	0.0	30.4	0.0	40.2	0.0	0.0	0.0	0.0	0.0	34.1	0.0	0.0	0.0	0.0	0.0	0.0	0.0	13.1	0.0	6.1	20.0	6.6	0.0	0.0	0.0	0.0	0.0	0.0	0.0
77	0.0	0.0	0.0	27.6	0.0	0.0	0.0	0.0	0.0	0.0	0.0	0.0	0.0	29.4	0.0	0.0	0.0	0.0	0.0	29.7	0.0	0.9	0.0	0.0	0.0	0.0	0.0	0.0	0.0	0.0	0.0	0.0	0.0	0.0	0.0	39.8	0.0	0.0	58.8	0.0	0.0	5.7	0.0	0.0	0.0	6.6	0.0	0.0	0.0	0.0	0.0	0.0	1.1	0.0	0.0	0.0	0.0	0.0	0.0	0.0	19.8	10.6	47.8	0.0	22.6	0.0	0.0	0.0	1.1	0.0	0.0	0.0	0.0	0.0	0.0	0.0	0.0	0.0	0.0	0.0	0.0	0.0	0.0	0.0	60.7	0.0	0.0	0.0	0.0	0.0	0.0	41.8	0.0	0.0	0.0	0.0	0.0	79.9	0.0	0.0
78	20.2	0.0	0.0	0.0	0.0	0.0	0.0	0.0	0.0	0.0	0.0	5.7	33.9	35.3	0.0	0.0	0.0	7.4	0.0	0.0	25.5	0.0	0.0	0.0	0.0	44.4	0.0	0.0	0.0	0.0	0.0	0.0	0.0	0.0	0.0	0.0	0.0	0.0	0.0	0.0	0.0	12.8	0.0	25.8	0.0	0.0	0.0	80.4	26.9	0.0	48.4	0.0	27.8	0.0	0.0	0.0	0.0	0.0	0.0	0.0	0.0	0.0	6.5	0.0	0.0	3.9	24.9	0.0	0.0	37.9	11.2	16.6	0.0	0.0	0.0	0.0	0.0	0.0	0.0	5.3	0.0	0.0	20.7	0.0	0.0	16.9	0.0	0.0	0.0	0.0	0.0	0.0	0.0	0.0	0.0	0.0	0.0	0.0	0.0	0.0
79	0.0	0.0	0.0	0.0	0.0	0.0	0.0	0.0	0.0	0.0	0.0	0.0	0.0	0.0	0.0	0.0	0.0	0.0	0.0	0.0	0.0	0.0	0.0	44.9	0.0	0.0	0.0	9.6	0.0	0.0	0.0	0.0	0.0	0.3	0.0	0.0	0.0	0.0	0.0	19.9	0.0	0.0	63.2	0.0	0.0	0.0	0.0	0.0	58.5	7.8	0.0	0.0	0.0	0.0	0.0	0.0	0.0	0.0	0.0	0.0	0.0	0.0	0.0	0.0	0.0	0.0	0.0	0.0	0.0	0.0	0.0	0.0	32.0	17.9	19.8	0.0	0.0	0.0	0.0	0.0	0.0	0.0	0.0	0.0	0.0	0.0	0.0	0.0	0.0	0.0	0.0	0.0	0.0	0.0	0.0	0.0	7.5	0.0	45.0	0.0
80	0.0	0.0	0.0	15.2	0.0	0.0	56.1	7.0	0.0	42.1	0.0	0.0	0.0	0.0	0.0	0.0	2.3	3.8	0.0	0.0	0.0	0.0	0.0	17.5	0.0	0.0	0.0	0.0	0.0	0.0	0.0	3.8	0.0	2.8	0.0	2.4	0.0	0.0	0.0	0.0	0.0	0.0	0.0	76.1	0.0	0.0	0.0	0.0	14.5	0.0	0.0	41.7	0.0	1.0	0.0	0.0	0.0	39.5	0.0	0.0	21.4	0.0	0.0	7.4	0.0	25.5	0.0	11.7	63.0	0.0	12.6	0.0	0.0	0.0	0.0	0.0	0.0	5.3	0.0	0.0	0.0	0.0	0.0	0.0	0.0	0.0	9.1	2.1	0.0	0.0	0.0	0.0	0.0	0.0	11.7	0.0	0.0	0.0	0.0	0.0
81	17.9	0.0	0.0	0.0	0.0	0.0	0.0	53.4	0.0	0.0	0.0	0.0	0.0	0.0	0.0	0.0	0.0	30.4	0.0	0.0	36.5	0.0	0.0	0.0	0.0	20.9	0.0	0.0	11.2	0.0	9.4	21.3	0.0	0.0	49.0	0.0	0.0	0.0	3.9	0.0	0.0	0.0	18.0	0.0	0.0	0.0	0.0	0.0	0.0	0.0	0.0	9.8	0.0	0.0	0.0	0.0	0.0	0.0	0.0	0.0	29.1	19.5	0.0	0.0	49.1	0.0	0.0	0.0	14.6	5.1	41.0	0.0	0.0	0.0	0.0	34.1	0.0	0.0	0.0	0.0	0.0	0.0	18.7	0.0	0.0	0.0	0.0	0.0	0.0	0.0	0.0	0.0	0.0	18.6	18.3	0.0	0.0	0.0	0.0	0.0
82	0.0	0.0	0.0	0.0	20.2	0.0	25.1	0.0	0.0	46.5	0.0	0.0	58.1	0.0	0.0	0.0	0.0	16.7	0.0	0.0	0.0	77.5	0.0	0.0	2.8	0.0	15.9	0.0	0.0	8.2	10.5	11.0	0.0	0.0	0.0	0.0	0.0	0.0	0.0	38.0	0.0	0.0	57.6	75.2	0.0	0.0	0.0	23.4	0.0	0.0	0.0	10.1	0.0	0.0	35.8	72.0	6.7	0.0	0.0	0.0	0.0	0.0	0.0	0.0	0.0	0.0	7.9	0.0	0.0	0.0	0.0	0.0	0.0	0.2	0.0	0.0	0.0	0.0	0.0	0.0	0.0	0.0	15.5	0.0	0.0	0.0	0.0	0.0	0.0	0.0	0.0	0.0	1.1	0.0	0.0	0.0	0.0	0.0	0.0	0.0
83	0.0	0.0	2.2	0.0	0.0	0.0	0.0	0.0	0.0	62.5	0.0	0.0	0.1	0.0	36.3	0.0	48.8	0.0	0.0	0.0	0.0	0.0	0.0	0.0	0.0	0.0	22.6	0.0	0.0	0.0	0.0	0.0	0.0	0.0	0.0	0.0	0.0	0.0	0.0	0.0	0.0	12.2	4.7	0.0	0.0	0.0	0.0	33.4	0.0	0.0	0.0	0.0	0.0	0.0	0.0	0.0	0.0	52.5	11.2	0.0	1.8	16.0	1.2	0.0	0.0	0.0	0.0	0.0	0.3	0.0	0.0	63.4	0.0	0.0	0.0	0.0	0.0	20.7	0.0	0.0	18.7	15.5	0.0	0.0	0.0	0.0	0.0	25.4	0.0	0.0	0.0	0.1	0.0	0.0	0.0	0.0	0.0	0.0	0.0	0.0
84	0.0	46.5	0.0	0.0	14.1	0.0	0.0	15.6	0.0	0.0	0.0	0.0	0.0	0.0	0.0	41.3	0.0	0.0	10.1	0.0	0.0	20.2	0.0	0.0	0.0	0.0	0.0	0.0	0.0	84.6	34.3	0.0	0.0	0.1	0.0	0.0	0.0	0.0	0.0	0.0	0.0	0.0	0.0	0.0	0.0	0.0	0.0	2.7	0.0	0.0	0.0	0.0	0.0	61.5	0.0	0.0	0.0	0.0	63.0	3.3	21.0	0.0	0.0	0.0	0.0	0.0	1.8	0.0	0.0	0.0	0.0	0.0	0.0	8.6	0.0	0.0	0.0	0.0	0.0	0.0	0.0	0.0	0.0	0.0	4.6	0.0	0.0	15.2	0.0	0.0	6.7	0.0	0.0	0.0	0.0	0.0	0.0	0.0	0.0	0.0
85	0.0	19.3	0.0	5.7	18.7	0.0	73.3	0.0	22.1	0.0	0.0	0.0	0.0	10.8	0.0	0.0	0.0	0.0	15.7	0.0	0.0	0.0	0.0	0.0	0.0	0.0	47.9	0.0	16.3	0.0	13.0	0.0	0.0	1.7	19.7	0.0	0.0	0.0	0.0	0.3	0.0	19.3	0.0	0.0	0.0	0.0	0.0	0.0	0.0	0.0	0.0	0.0	22.3	0.0	0.0	0.0	0.0	0.0	0.0	0.0	0.0	0.0	0.0	20.0	5.5	0.0	0.0	0.0	0.0	0.0	33.2	0.0	0.0	0.0	0.0	0.0	60.7	0.0	0.0	0.0	0.0	0.0	0.0	4.6	0.0	0.0	0.0	0.0	0.0	56.8	0.0	22.4	0.0	0.0	0.0	36.6	0.0	0.0	0.0	0.0
86	0.0	0.0	0.0	0.0	0.0	0.0	0.0	0.0	0.0	0.0	0.0	0.0	0.0	0.0	0.0	0.0	0.0	0.0	0.0	0.0	0.0	0.0	0.0	0.0	0.0	0.0	0.0	0.0	0.0	0.0	0.0	0.0	0.0	0.0	0.0	0.0	0.0	0.0	0.0	0.0	0.0	64.0	12.9	58.1	0.0	26.5	0.0	19.7	0.0	0.0	0.0	10.4	0.0	0.0	0.0	0.0	0.9	0.0	0.0	0.0	0.0	0.0	0.0	0.0	0.0	0.0	0.0	0.0	0.0	0.0	0.0	0.0	0.0	0.0	0.0	0.0	0.0	16.9	0.0	0.0	0.0	0.0	0.0	0.0	0.0	0.0	0.0	0.0	0.0	0.0	0.0	0.0	0.0	6.8	0.0	0.0	0.0	0.0	0.0	0.0
87	0.0	8.2	0.0	0.0	0.0	0.0	0.0	48.1	0.0	0.0	6.2	34.4	0.0	14.8	0.0	0.0	0.0	0.0	0.0	0.0	0.0	0.0	0.0	0.0	0.0	24.1	1.5	0.0	0.0	0.0	0.0	0.0	0.0	0.0	0.0	0.0	0.0	0.0	0.0	0.0	0.0	0.0	0.0	0.0	1.8	0.0	4.1	0.0	0.0	0.0	0.0	0.0	0.0	0.0	0.0	0.0	0.0	0.0	26.3	0.0	0.0	0.0	0.0	0.0	0.0	0.0	0.0	0.0	0.0	0.0	0.0	0.0	14.7	0.0	0.0	0.0	0.0	0.0	0.0	9.1	0.0	0.0	0.0	0.0	0.0	0.0	0.0	0.0	0.0	0.0	0.0	29.3	0.0	0.0	0.0	62.7	26.1	0.0	0.0	0.0
88	16.9	0.0	0.0	12.9	0.0	0.0	0.0	0.0	17.4	0.0	0.0	6.2	16.0	0.0	43.1	0.0	45.0	0.0	0.0	0.0	0.0	21.8	0.0	0.0	0.0	0.0	0.0	0.0	0.0	0.0	0.0	1.9	0.0	0.0	0.0	0.0	0.0	0.0	0.0	0.0	0.0	0.0	0.0	0.0	0.0	0.0	0.0	0.0	0.0	0.0	0.0	0.0	16.4	0.0	0.0	0.0	0.0	0.0	0.0	42.1	0.0	0.0	0.0	0.0	0.0	0.0	0.0	0.0	26.6	0.0	0.0	0.0	0.0	0.0	0.0	0.0	0.0	0.0	0.0	2.1	0.0	0.0	25.4	15.2	0.0	0.0	0.0	0.0	0.0	0.0	0.0	0.0	5.6	0.0	0.0	0.0	2.9	0.0	7.2	0.0
89	0.0	0.0	60.0	4.6	0.0	0.0	0.0	0.0	0.0	0.0	0.0	0.0	0.0	0.0	0.0	0.0	0.0	31.1	60.2	0.0	0.0	0.0	0.0	0.0	0.0	0.0	0.0	0.0	0.0	0.0	0.0	0.0	0.0	0.0	41.7	0.0	6.0	14.3	0.0	0.0	0.0	0.0	0.0	0.0	0.0	0.0	0.0	0.0	9.0	0.0	6.3	0.0	0.0	0.0	0.0	0.0	0.0	0.0	0.0	42.4	6.9	0.0	0.0	0.0	0.0	0.0	74.7	0.0	0.0	0.0	14.6	15.9	0.0	0.0	0.0	13.1	0.0	0.0	0.0	0.0	0.0	0.0	0.0	0.0	0.0	0.0	0.0	0.0	0.0	0.0	0.0	39.7	0.0	0.0	0.0	0.0	0.0	0.0	0.0	0.0
90	0.0	0.0	0.0	0.0	0.0	0.7	0.0	0.0	0.0	0.0	0.0	0.0	0.0	0.0	0.0	0.0	0.0	0.0	0.0	0.0	0.0	0.0	0.0	0.0	0.0	0.0	0.0	0.0	89.1	24.2	0.0	0.0	0.0	0.0	2.2	0.0	13.7	0.0	0.0	0.0	0.0	45.9	0.0	0.0	0.0	9.8	1.1	0.0	0.0	0.0	0.0	0.0	0.0	0.0	0.0	0.0	0.0	0.0	0.0	0.0	18.8	0.0	0.0	0.0	0.0	0.0	0.0	17.7	15.7	0.0	1.5	0.0	0.0	46.4	65.2	0.0	0.0	0.0	0.0	0.0	0.0	0.0	0.0	0.0	56.8	0.0	0.0	0.0	0.0	0.0	0.0	0.3	0.0	0.0	0.0	12.5	4.5	12.6	4.6	0.0
91	0.0	0.0	0.0	0.0	2.8	0.0	0.0	0.0	8.0	0.0	0.0	0.0	0.0	0.0	0.0	0.0	0.0	0.0	0.0	0.0	40.5	0.0	65.2	0.0	0.0	0.0	1.1	0.0	0.0	66.6	3.7	0.0	0.0	0.0	0.0	0.0	30.8	58.5	18.3	69.4	0.0	0.0	0.0	0.0	0.0	59.1	0.0	3.8	0.0	0.0	0.0	0.0	0.0	0.0	0.0	0.0	0.0	0.0	0.0	38.9	0.0	0.0	0.0	0.0	31.5	26.6	0.0	0.0	23.5	0.0	0.0	0.0	0.0	16.0	0.0	6.1	0.0	0.0	0.0	0.0	0.0	0.0	0.0	6.7	0.0	0.0	0.0	0.0	0.0	0.0	0.0	0.0	0.0	0.0	0.0	0.0	0.0	0.0	0.0	9.1
92	13.5	0.0	0.0	0.0	0.0	0.0	0.0	43.0	0.0	0.0	0.0	0.0	0.0	0.0	13.1	0.0	3.2	23.7	18.9	40.7	0.0	0.0	0.0	0.0	30.1	0.0	0.0	0.0	0.0	0.0	0.0	0.0	0.0	0.0	0.0	0.0	0.0	0.0	0.0	0.0	0.0	0.0	0.0	0.0	25.0	0.0	7.6	0.0	19.0	0.0	0.0	0.0	0.0	61.3	0.0	0.0	0.0	0.0	10.7	0.0	0.0	0.0	0.0	18.0	0.0	0.0	0.0	0.0	0.0	0.0	0.0	0.0	1.0	0.0	0.0	20.0	41.8	0.0	0.0	0.0	0.0	0.0	0.1	0.0	22.4	0.0	29.3	0.0	39.7	0.3	0.0	0.0	0.0	0.0	30.3	0.0	0.0	0.0	0.0	0.0
93	0.6	0.0	0.0	0.0	0.0	0.0	0.0	0.0	0.0	0.0	0.0	0.0	0.0	0.0	0.0	0.0	0.0	0.6	0.0	14.1	0.0	13.8	0.0	0.0	21.2	0.0	6.3	0.0	0.0	0.0	0.0	0.0	0.0	0.0	0.0	34.3	0.0	0.0	22.9	0.0	0.0	0.0	0.0	0.0	0.0	0.0	0.0	0.0	0.0	0.0	0.0	0.0	2.9	39.1	0.0	0.0	0.0	0.0	0.0	0.0	0.0	72.9	16.1	0.0	0.0	0.0	0.0	0.0	1.8	0.0	0.0	0.0	0.0	0.0	1.7	6.6	0.0	0.0	0.0	0.0	0.0	1.1	0.0	0.0	0.0	0.0	0.0	5.6	0.0	0.0	0.0	0.0	0.0	0.0	22.3	0.0	0.0	0.0	0.0	0.0
94	0.0	0.0	0.0	0.0	27.8	0.0	0.0	17.6	0.0	0.0	0.0	0.0	0.0	0.0	0.0	0.0	2.9	0.0	0.0	0.0	0.0	24.1	0.0	0.0	0.0	0.0	0.0	0.0	0.0	0.0	0.0	0.0	0.0	0.0	13.3	0.0	0.0	31.0	0.0	0.0	0.0	0.0	0.0	7.4	0.0	0.0	0.0	0.0	0.0	0.0	0.0	0.0	0.0	0.0	0.0	45.7	0.0	0.0	0.0	0.0	0.0	0.0	0.0	0.0	0.0	0.0	0.0	49.2	10.4	63.8	0.0	0.0	0.0	0.0	0.0	0.0	0.0	0.0	0.0	0.0	18.6	0.0	0.0	0.0	0.0	6.8	0.0	0.0	0.0	0.0	0.0	0.0	0.0	0.0	0.0	0.0	4.4	0.0	0.0	0.0
95	0.0	0.0	0.0	0.0	0.0	0.0	26.6	0.0	0.0	33.2	0.0	36.7	0.0	0.0	0.0	0.0	0.0	4.9	0.0	0.0	0.0	0.0	0.0	6.2	0.0	0.0	0.0	0.0	0.0	0.0	36.6	0.0	0.0	0.0	0.0	12.5	4.3	0.0	0.0	0.0	0.0	0.0	0.0	0.0	12.0	0.0	0.0	0.0	0.0	0.0	0.0	0.0	71.6	0.0	0.0	0.0	0.0	0.0	0.0	2.6	0.0	0.0	0.0	0.0	0.0	4.6	39.5	0.0	0.0	0.5	0.0	0.0	0.0	0.0	0.0	0.0	0.0	0.0	0.0	11.7	18.3	0.0	0.0	0.0	0.0	0.0	0.0	0.0	0.0	0.0	0.0	30.3	22.3	0.0	0.0	0.0	0.0	0.0	0.0	0.0
96	0.0	0.0	0.0	0.0	0.0	0.0	0.0	0.0	0.0	0.0	73.4	0.0	0.0	0.0	0.0	0.0	0.0	0.0	0.0	0.0	0.0	0.9	0.0	0.0	0.0	8.8	40.6	0.0	18.3	0.0	0.0	10.0	0.0	0.0	0.0	0.0	0.0	0.0	0.0	8.2	4.3	0.0	0.0	0.0	0.0	0.0	0.0	0.0	0.0	0.0	6.5	17.6	0.0	0.0	0.0	0.0	0.0	0.0	0.0	0.0	0.0	0.0	0.0	0.0	0.0	0.0	0.0	0.0	7.3	0.0	0.0	12.0	0.0	0.0	0.0	0.0	0.0	0.0	0.0	0.0	0.0	0.0	0.0	0.0	36.6	0.0	62.7	0.0	0.0	12.5	0.0	0.0	0.0	0.0	0.0	0.0	0.0	6.4	67.3	0.0
97	0.0	37.7	0.0	0.0	0.0	0.0	0.0	0.0	0.0	0.0	0.0	17.2	0.0	16.0	78.3	0.0	0.0	32.8	17.9	0.0	0.0	1.5	0.0	0.0	1.2	0.0	0.0	29.2	0.0	0.0	0.0	0.0	0.0	0.0	0.0	2.1	0.0	0.0	0.0	22.4	81.6	40.1	0.0	0.0	0.0	0.0	0.0	13.2	0.0	0.0	0.0	0.0	8.2	0.0	0.0	0.0	0.0	0.0	0.0	0.0	0.0	0.0	0.4	0.0	0.0	0.0	0.0	2.4	21.4	0.0	0.0	0.0	0.0	0.0	0.0	0.0	0.0	0.0	7.5	0.0	0.0	0.0	0.0	0.0	0.0	0.0	26.1	2.9	0.0	4.5	0.0	0.0	0.0	4.4	0.0	0.0	0.0	0.0	0.0	0.0
98	0.0	0.0	0.0	0.0	14.9	0.0	0.0	0.0	0.0	0.0	34.1	0.0	7.7	0.0	0.0	0.0	0.0	0.0	0.0	0.0	0.0	0.0	53.8	0.0	0.0	0.0	0.0	0.0	0.0	0.0	0.0	0.0	0.0	0.0	0.0	0.0	0.0	0.0	0.0	0.0	0.0	0.0	17.0	0.0	0.0	0.0	0.0	40.4	0.0	0.0	0.0	0.0	0.6	0.0	0.0	0.0	0.0	11.6	0.0	0.0	0.0	0.0	0.0	0.0	0.0	0.0	0.0	0.0	65.5	0.0	0.0	0.0	0.0	0.0	0.0	0.0	79.9	0.0	0.0	0.0	0.0	0.0	0.0	0.0	0.0	0.0	0.0	0.0	0.0	12.6	0.0	0.0	0.0	0.0	0.0	6.4	0.0	0.0	0.0	0.0
99	0.0	0.0	0.0	0.0	22.4	0.0	0.0	0.0	0.0	42.7	0.0	0.0	0.0	0.0	0.0	0.0	0.0	0.0	0.0	0.0	0.0	0.0	0.0	0.0	22.2	0.0	2.8	0.0	0.0	0.0	0.0	0.0	53.8	0.0	0.0	0.0	0.0	0.0	1.2	0.0	10.8	10.2	0.0	0.0	16.7	24.4	0.0	0.0	0.0	0.0	71.3	0.0	0.0	0.0	0.0	0.0	0.0	0.0	0.0	0.0	3.2	0.0	0.0	0.0	0.0	0.0	0.0	0.0	0.0	0.0	0.0	0.0	24.9	0.0	0.0	0.0	0.0	0.0	45.0	0.0	0.0	0.0	0.0	0.0	0.0	0.0	0.0	7.2	0.0	4.6	0.0	0.0	0.0	0.0	0.0	67.3	0.0	0.0	0.0	0.0
100	0.0	0.0	0.0	0.0	0.0	0.0	35.0	0.0	19.8	0.0	0.0	0.0	0.0	0.0	0.0	0.0	0.0	0.0	0.0	0.0	0.0	0.0	0.0	25.8	23.2	23.7	0.0	0.0	0.0	0.0	0.0	0.0	0.0	52.2	0.0	0.0	49.1	0.0	0.0	0.0	0.0	0.0	0.0	0.0	0.0	0.0	0.0	0.0	29.7	0.0	0.0	0.0	0.0	0.0	18.3	0.0	0.0	32.4	0.0	0.0	48.9	0.0	0.0	0.0	0.0	0.0	0.0	0.0	0.0	0.0	0.0	0.0	0.0	0.0	0.0	0.0	0.0	0.0	0.0	0.0	0.0	0.0	0.0	0.0	0.0	0.0	0.0	0.0	0.0	0.0	9.1	0.0	0.0	0.0	0.0	0.0	0.0	0.0	0.0	0.0
